image_width: 640
image_height: 480
camera_name: camera
camera_matrix:
  rows: 3
  cols: 3
  data: [638.051744, 0, 321.212694, 0, 642.228260, 255.495135, 0, 0, 1]
distortion_model: plumb_bob
distortion_coefficients:
  rows: 1
  cols: 5
  data: [0.059119, -0.388825, 0.002359, 0.007016, 0.000000]
rectification_matrix:
  rows: 3
  cols: 3
  data: [1, 0, 0, 0, 1, 0, 0, 0, 1]
projection_matrix:
  rows: 3
  cols: 4
  data: [629.974854, 0, 324.532942, 0, 0, 641.501587, 255.893799, 0, 0, 0, 1, 0]